32
116
122
151
156
157
215
238
253
260
299
317
339
356
386
408
415
444
457
471
534
561
563
623
636
658
662
702
707
851
862
888
927
940
958
982
1010
1027
1058
1060
1067
1092
1131
1134
1142
1181
1214
1218
1236
1294
1338
1354
1433
1439
1474
1489
1517
1535
1559
1577
1581
1586
1594
1626
1636
1647
1662
1670
1739
1750
1760
1789
1861
1906
1920
1963
2046
2059
2113
2122
2123
2132
2170
2198
2213
2229
2236
2267
2292
2308
2342
2343
2394
2398
2415
2440
2452
2453
2474
2484
2511
2537
2547
2574
2578
2595
2604
2619
2635
2648
2649
2665
2668
2677
2695
2702
2720
2815
2841
2848
